1698906598668 0.9546192160674504 1
1698906608154 0.706099488905498 2
1698906617763 0.5932851667915072 3
1698906627364 0.5239788698298591 4
1698906637119 0.45825847344739096 5
1698906646765 0.40931164366858347 6
1698906656579 0.360733511192458 7
1698906666366 0.41110327414103914 8
1698906676325 0.3162658704178674 9
1698906686277 0.33617858801569256 10
1698906697280 0.33483687894684927 11
1698906708079 0.2831097309078489 12
1698906719467 0.27593046320336206 13
1698906730503 0.26247211332832066 14
1698906742121 0.2348401424075876 15
1698906753448 0.24727768450975418 16
1698906763656 0.2688119778675692 17
1698906774194 0.2723554383431162 18
1698906784274 0.22389251898441995 19
1698906794344 0.2549022191337177 20
