1699475630943 0.5474899762443134 1
1699475644886 0.24971161782741547 2
1699475658263 0.22298454546502658 3
1699475671460 0.1542986218950578 4
1699475684698 0.12256604060530663 5
1699475697889 0.12811941280961037 6
1699475711081 0.1092064870255334 7
1699475724196 0.10027674452534743 8
1699475737377 0.10647602964724813 9
1699475750543 0.0705501565576664 10
1699475764653 0.06894482831869807 11
1699475778268 0.0674659391599042 12
1699475791936 0.06326881204066533 13
1699475805533 0.08023092869137015 14
1699475819512 0.05707509556253042 15
1699475833541 0.05195178969630173 16
1699475848023 0.04580770575973604 17
1699475861916 0.04544007874626134 18
1699475875944 0.04999709235770362 19
1699475890051 0.0470905717063163 20
