1698908753062 0.9999117595808846 1
1698908764436 0.5705520233937672 2
1698908775345 0.4263981282711029 3
1698908785743 0.3889436934675489 4
1698908796239 0.3354732835931437 5
1698908806887 0.27493106041635784 6
1698908819123 0.2275751116020339 7
1698908831391 0.24652369799358503 8
1698908844855 0.29227823870522635 9
1698908856898 0.2568075984184231 10
1698908869176 0.19915486739150115 11
1698908881614 0.27408306460295406 12
1698908893279 0.31504551587360247 13
1698908904887 0.16894346927957876 14
1698908916754 0.21603182437164442 15
1698908928423 0.16923663233007705 16
1698908940059 0.13032366335391998 17
1698908951626 0.10338211352271694 18
1698908963028 0.16343760517026698 19
1698908974465 0.19703515778694833 20
