1698908363539 0.8270830022437232 1
1698908375298 0.5648453640086311 2
1698908387160 0.38608778693846296 3
1698908398739 0.3560087595667158 4
1698908410364 0.32259752069200787 5
1698908422037 0.32740757295063566 6
1698908433752 0.31268155787672314 7
1698908445520 0.27195353859237265 8
1698908457346 0.23991416128618376 9
1698908469067 0.2767051176301071 10
1698908482826 0.2903015528406416 11
1698908497197 0.29007212604795185 12
1698908510721 0.2755098539803709 13
1698908522486 0.24182732083967753 14
1698908534623 0.24976536152618273 15
1698908548510 0.21653373858758382 16
1698908560398 0.1814401208290032 17
1698908572227 0.15424296632409096 18
1698908584026 0.17314188608101436 19
1698908595756 0.19235480470316751 20
