1699476089046 2.669304600783757 1
1699476119732 1.250626334122249 2
1699476150473 1.215084901877812 3
1699476182260 1.1455208574022566 4
1699476213846 1.2245914510318212 5
1699476247874 1.1885322758129664 6
1699476279711 1.1545439873422896 7
1699476312086 1.1156528506960188 8
1699476345310 1.1211907352719988 9
1699476384197 1.1507999726704188 10
1699476426708 1.128004721232823 11
1699476467931 1.1066871285438538 12
1699476503126 1.1176855734416418 13
1699476536171 1.1100119522639684 14
1699476569473 1.074997799737113 15
1699476602772 1.0938218065670557 16
1699476636046 1.0925141317503793 17
1699476669700 1.0610430155481612 18
1699476710670 1.100371594939913 19
1699476750602 1.0392912072794778 20
