1699476846466 1.3462970512253898 1
1699476876827 1.1035896965435572 2
1699476907910 1.0939759739807673 3
1699476943356 1.125037235873086 4
1699476977827 1.1075874652181352 5
1699477010969 1.0815646818705968 6
1699477045504 1.0272774994373322 7
1699477080974 1.014775003705706 8
1699477117883 1.0151810603482383 9
1699477155264 0.9729280812399728 10
1699477195624 0.9040144554206303 11
1699477230285 0.909040595803942 12
1699477257431 0.9627865978649685 13
1699477286598 0.9108327201434544 14
1699477314836 0.8375238222735268 15
1699477343095 0.853104259286608 16
1699477372701 0.9015212953090668 17
1699477400940 0.860273710318974 18
1699477428579 0.7644907363823482 19
1699477456041 0.7172536381653377 20
