1698907717162 0.9881627942834582 1
1698907726816 0.899350494146347 2
1698907736834 0.8488448815686362 3
1698907746646 0.8289564039025988 4
1698907756849 0.7790369646889823 5
1698907766830 0.7615949213504791 6
1698907777270 0.7114324569702148 7
1698907787551 0.7433294696467263 8
1698907798337 0.7211749255657196 9
1698907808870 0.6721971375601632 10
1698907819463 0.6673216819763184 11
1698907831851 0.6900997970785413 12
1698907843345 0.6663996534688132 13
1698907854885 0.6334973169224603 14
1698907865607 0.6293050412620816 15
1698907875841 0.6147114847387586 16
1698907886149 0.6212648962225232 17
1698907897928 0.6334339422839028 18
1698907908855 0.6259565736566272 19
1698907921477 0.5983565279415676 20
