1698908057087 1.0005554854869843 1
1698908068588 0.7344813346862793 2
1698908079610 0.6230419682604926 3
1698908092234 0.5381507724523544 4
1698908104837 0.4932208401816232 5
1698908117727 0.39862026061330524 6
1698908130951 0.37793016007968355 7
1698908143465 0.3790779007332666 8
1698908156419 0.3356395246727126 9
1698908169674 0.3074712859732764 10
1698908183416 0.37849881819316317 11
1698908197284 0.31130688211747576 12
1698908210130 0.3585684916802815 13
1698908221865 0.2839240123118673 14
1698908233659 0.24081099299447878 15
1698908245405 0.27238451902355465 16
1698908257143 0.2882810612874372 17
1698908269068 0.2586133708911283 18
1698908281033 0.26481761783361435 19
1698908294227 0.22857449416603362 20
